x = [0.07328074,0.21571676,0.35815277,0.50058878,0.6430248,0.78546081,0.92789683]
y = [1.15191782,1.13013786,1.14707783,1.1083579,1.0042981,0.80343848,0.66065875]
a/c_average = 1.864
a/c_median = 1.61