{
 "cells": [
  {
   "cell_type": "code",
   "execution_count": 1,
   "metadata": {},
   "outputs": [
    {
     "name": "stderr",
     "output_type": "stream",
     "text": [
      "yt : [WARNING  ] 2023-04-28 10:04:35,435 DeltaDC != 0, which implies auni != abox. Be sure you understand which expansion parameter is appropriate for your use! (Gnedin, Kravtsov, & Rudd 2011)\n",
      "yt : [INFO     ] 2023-04-28 10:04:35,507 Parameters: current_time              = 958007400.6400309 yr\n",
      "yt : [INFO     ] 2023-04-28 10:04:35,508 Parameters: domain_dimensions         = [256 256 256]\n",
      "yt : [INFO     ] 2023-04-28 10:04:35,509 Parameters: domain_left_edge          = [0. 0. 0.]\n",
      "yt : [INFO     ] 2023-04-28 10:04:35,510 Parameters: domain_right_edge         = [256. 256. 256.]\n",
      "yt : [INFO     ] 2023-04-28 10:04:35,511 Parameters: cosmological_simulation   = True\n",
      "yt : [INFO     ] 2023-04-28 10:04:35,511 Parameters: current_redshift          = 5.881049592936443\n",
      "yt : [INFO     ] 2023-04-28 10:04:35,512 Parameters: omega_lambda              = 0.6964000165462494\n",
      "yt : [INFO     ] 2023-04-28 10:04:35,513 Parameters: omega_matter              = 0.3035999834537506\n",
      "yt : [INFO     ] 2023-04-28 10:04:35,514 Parameters: omega_radiation           = 0.0\n",
      "yt : [INFO     ] 2023-04-28 10:04:35,514 Parameters: hubble_constant           = 0.6814000010490417\n"
     ]
    }
   ],
   "source": [
    "import yt\n",
    "import numpy as np \n",
    "import matplotlib.pyplot as plt \n",
    "import pandas as pd \n",
    "import pickle as pickle\n",
    "from unyt import g,cm\n",
    "from numpy.linalg import eig\n",
    "\n",
    "box_A_root = '/data/gnedin/REI/D/Cai.B40.N256L2.sf=1_uv=0.15_bw=10_res=100.WC1/C/'\n",
    "hc = pd.read_csv(box_A_root+'a=0.1453/hpropsRS.res', names=['Mvir','Mstar','Z','SFR','luminosity','px','py','pz','Rvir'],delim_whitespace=True,index_col=False)\n",
    "ds = yt.load('/data/gnedin/REI/D/Cai.B40.N256L2.sf=1_uv=0.15_bw=10_res=100.WC1/C/rei40c1_a0.1453/rei40c1_a0.1453.art')\n",
    "p = ds.artio_parameters\n",
    "abox = p[\"abox\"][0]\n",
    "auni = p[\"auni\"][0]\n",
    "scale = auni/abox\n",
    "##difference is llyman - the galaxies distances\n",
    "data = []\n",
    "\n",
    "def open_data():\n",
    "    with open('peak_locations_box_c.pkl', 'rb') as f:\n",
    "        peaks = pickle.load(f)\n",
    "    return peaks\n",
    "\n",
    "\n",
    "def calculation(peaks):\n",
    "    # sp = ds.sphere(ds.arr((peaks[2][0]/scale,peaks[2][1]/scale,peaks[2][2]/scale), 'Mpccm/h'), (.026/scale, \"Mpccm/h\"))\n",
    "    I = []\n",
    "    for i in peaks:\n",
    "        sp = ds.sphere(ds.arr((i[0]/scale,i[1]/scale,i[2]/scale), 'Mpccm/h'), (0.026/scale, \"Mpccm/h\"))\n",
    "    # sp = ds.sphere(ds.arr((peaks[0][0]/scale,peaks[0][1]/scale,peaks[0][2]/scale), 'Mpccm/h'), (0.026/scale, \"Mpccm/h\"))  \n",
    "        x = sp[(\"gas\",\"x\")] - (sp.center.to('cm'))[0]\n",
    "        y = sp[(\"gas\",\"y\")] - (sp.center.to('cm'))[1]\n",
    "        z = sp[(\"gas\",\"z\")] - (sp.center.to('cm'))[2]\n",
    "        volume = sp[('gas','dx')] *sp[('gas','dy')]*sp[('gas','dz')]\n",
    "        ix_temp = np.multiply(sp[('gas','density')]*volume,(np.power(y,2) + np.power(z,2)))\n",
    "        iy_temp = np.multiply(sp[('gas','density')]*volume,(np.power(x,2) + np.power(z,2)))\n",
    "        iz_temp = np.multiply(sp[('gas','density')]*volume,(np.power(x,2) + np.power(y,2)))\n",
    "        ixy_temp = np.multiply(sp[('gas','density')]*volume,np.multiply(x,y))\n",
    "        ixz_temp =  np.multiply(sp[('gas','density')]*volume,np.multiply(x,z))\n",
    "        iyz_temp = np.multiply(sp[('gas','density')]*volume,np.multiply(z,y))\n",
    "        Ix = np.sum(ix_temp)\n",
    "        Iy = np.sum(iy_temp)\n",
    "        Iz = np.sum(iz_temp)\n",
    "        Ixy = np.sum(ixy_temp)\n",
    "        Ixz = np.sum(ixz_temp)\n",
    "        Iyz = np.sum(iyz_temp)\n",
    "        I.append(np.array([[[Ix,Ixy,Ixz],[Ixy,Iy,Iyz],[Ixz,Iyz,Iz]]]))\n",
    "    return(I)\n",
    "\n",
    "\n",
    "def convertSphereToCart(theta, phi):\n",
    "    \"converts a unit vector in spherical to cartesian, needed for getGalaxies\"\n",
    "    return np.array([np.sin(theta)*np.cos(phi), np.sin(theta)*np.sin(phi), np.cos(theta)])\n",
    "\n",
    "def eigen_stuff(I):\n",
    "    eigen_vectors = []\n",
    "    eigen_value = []\n",
    "    eigen_value_total = []\n",
    "    eigen_vector_total = []\n",
    "    #max\n",
    "    # eigen_vectors_max = 0\n",
    "    # eigen_value_max = 0\n",
    "    for i in I:\n",
    "        print(i)\n",
    "        eigenvalue, eigenvector= eig(i)\n",
    "        #min\n",
    "        eigen_vectors_max = eigenvector[0]\n",
    "        eigen_value_max = eigenvalue[0]\n",
    "        for i,z in zip(eigenvalue, eigenvector):\n",
    "            #change this to largest or smallest\n",
    "            if(i < eigen_value_max):\n",
    "                eigen_value_max = i\n",
    "                eigen_vectors_max = z\n",
    "        eigen_value_total.append(eigenvalue)\n",
    "        eigen_vector_total.append(eigenvector)\n",
    "        eigen_vectors.append(eigen_vectors_max)\n",
    "        eigen_value.append(eigen_value_max)\n",
    "    return eigen_vectors,eigen_value, eigen_vector_total,eigen_value_total\n",
    "\n",
    "\n",
    "def unit_vector(vector):\n",
    "    return vector/np.linalg.norm(vector)\n",
    "\n",
    "def angle_between(v1,v2):\n",
    "    v1_u = unit_vector(v1)\n",
    "    v2_u = unit_vector(v2)\n",
    "    return np.dot(v1_u, v2_u)\n",
    "\n",
    "\n",
    "# def _I_x(field,data):\n",
    "#     #need to minus to get the right thing! from the original position\n",
    "#     x = data[(\"gas\",\"x\")] \n",
    "#     y = data[(\"gas\",\"y\")] \n",
    "#     z = data[(\"gas\",\"z\")] \n",
    "#     return  np.multiply(data[('gas','density')],(np.power(y,2) + np.power(z,2)))\n",
    "# ds.add_field(('gas','I_x'),_I_x,sampling_type = \"cell\",units = \"g/cm\",force_override=True)\n",
    "\n",
    "\n",
    "# def _I_xy(field,data):\n",
    "#     x = data[(\"gas\",\"x\")]\n",
    "#     y = data[(\"gas\",\"y\")] \n",
    "#     z = data[(\"gas\",\"z\")] \n",
    "#     return  np.multiply(data[('gas','density')],np.multiply(x,y))\n",
    "# ds.add_field(('gas','I_xy'),_I_xy,sampling_type = \"cell\",units = \"g/cm\",force_override=True)\n",
    "\n",
    "\n",
    "\n",
    "def main():\n",
    "    angle = []\n",
    "    peaks = open_data()\n",
    "    I = calculation(peaks)\n",
    "    with open('locations_directions_box_c.pkl', 'rb') as f:\n",
    "        locations = pickle.load(f)\n",
    "    vector_total = []\n",
    "    value_total = []\n",
    "    vector_no_filter_total  = []\n",
    "    value_no_filter_total =[]\n",
    "    for i,z in zip(I,locations):\n",
    "        vector,value,vector_total_,value_total_ = eigen_stuff(i)\n",
    "        cartesian = convertSphereToCart(z[0],z[1])\n",
    "        # angle.append(angle_between(cartesian,vector))\n",
    "        vector_total.append(vector)\n",
    "        value_total.append(value)\n",
    "        vector_no_filter_total.append(vector_total_)\n",
    "        value_no_filter_total.append(value_total_)\n",
    "    # with open('angle.pkl', 'wb') as f:\n",
    "    #     pickle.dump(angle, f, protocol=pickle.HIGHEST_PROTOCOL)\n",
    "    with open('vector.pkl', 'wb') as f:\n",
    "        pickle.dump(vector_total, f, protocol=pickle.HIGHEST_PROTOCOL)\n",
    "    with open('value.pkl', 'wb') as f:\n",
    "        pickle.dump(value_total, f, protocol=pickle.HIGHEST_PROTOCOL)\n",
    "    with open('vector_total.pkl', 'wb') as f:\n",
    "        pickle.dump(vector_no_filter_total, f, protocol=pickle.HIGHEST_PROTOCOL)\n",
    "    with open('value_total.pkl', 'wb') as f:\n",
    "        pickle.dump(value_no_filter_total, f, protocol=pickle.HIGHEST_PROTOCOL)"
   ]
  },
  {
   "cell_type": "code",
   "execution_count": 2,
   "metadata": {},
   "outputs": [],
   "source": [
    "peaks = open_data()"
   ]
  },
  {
   "cell_type": "code",
   "execution_count": 4,
   "metadata": {},
   "outputs": [
    {
     "name": "stderr",
     "output_type": "stream",
     "text": [
      "yt : [INFO     ] 2023-04-28 10:05:32,040 Created 4 chunks for ARTIO\n",
      "yt : [INFO     ] 2023-04-28 10:05:32,340 Created 2 chunks for ARTIO\n"
     ]
    }
   ],
   "source": [
    "I = []\n",
    "for i in peaks[:10]:\n",
    "    sp = ds.sphere(ds.arr((i[0]/scale,i[1]/scale,i[2]/scale), 'Mpccm/h'), (0.026/scale, \"Mpccm/h\"))\n",
    "# sp = ds.sphere(ds.arr((peaks[0][0]/scale,peaks[0][1]/scale,peaks[0][2]/scale), 'Mpccm/h'), (0.026/scale, \"Mpccm/h\"))  \n",
    "    x = sp[(\"gas\",\"x\")] - (sp.center.to('cm'))[0]\n",
    "    y = sp[(\"gas\",\"y\")] - (sp.center.to('cm'))[1]\n",
    "    z = sp[(\"gas\",\"z\")] - (sp.center.to('cm'))[2]\n",
    "    volume = sp[('gas','dx')] *sp[('gas','dy')]*sp[('gas','dz')]\n",
    "    ix_temp = np.multiply(sp[('gas','density')]*volume,(np.power(y,2) + np.power(z,2)))\n",
    "    iy_temp = np.multiply(sp[('gas','density')]*volume,(np.power(x,2) + np.power(z,2)))\n",
    "    iz_temp = np.multiply(sp[('gas','density')]*volume,(np.power(x,2) + np.power(y,2)))\n",
    "    ixy_temp = np.multiply(sp[('gas','density')]*volume,np.multiply(x,y))\n",
    "    ixz_temp =  np.multiply(sp[('gas','density')]*volume,np.multiply(x,z))\n",
    "    iyz_temp = np.multiply(sp[('gas','density')]*volume,np.multiply(z,y))\n",
    "    #solar mass * Mpc**2\n",
    "    #cm**2*g *solarmass/g/a/mpc*h^(-1)\n",
    "    Ix = np.sum(ix_temp)/1.989e+33/0.1453/3.086e24 *0.68\n",
    "    Iy = np.sum(iy_temp)/1.989e+33/0.1453/3.086e24 *0.68\n",
    "    Iz = np.sum(iz_temp)/1.989e+33/0.1453/3.086e24 *0.68\n",
    "    Ixy = np.sum(ixy_temp)/1.989e+33/0.1453/3.086e24 *0.68\n",
    "    Ixz = np.sum(ixz_temp)/1.989e+33/0.1453/3.086e24 *0.68\n",
    "    Iyz = np.sum(iyz_temp)/1.989e+33/0.1453/3.086e24 *0.68\n",
    "    I.append(np.array([[[Ix,Ixy,Ixz],[Ixy,Iy,Iyz],[Ixz,Iyz,Iz]]]))\n",
    "\n"
   ]
  },
  {
   "cell_type": "code",
   "execution_count": 5,
   "metadata": {},
   "outputs": [
    {
     "name": "stdout",
     "output_type": "stream",
     "text": [
      "[[3.30946085e+28 8.80438625e+27 1.42142942e+28]\n",
      " [8.80438625e+27 4.02839625e+28 9.69064536e+27]\n",
      " [1.42142942e+28 9.69064536e+27 2.59112767e+28]]\n",
      "[[ 9.29889079e+34  1.91218922e+31 -4.46038929e+27]\n",
      " [ 1.91218922e+31  1.54500544e+28 -1.87631250e+31]\n",
      " [-4.46038929e+27 -1.87631250e+31  9.29889075e+34]]\n",
      "[[ 7.38574954e+28 -2.87613087e+28 -2.97559386e+28]\n",
      " [-2.87613087e+28  7.49876074e+28  3.29496728e+28]\n",
      " [-2.97559386e+28  3.29496728e+28  7.22180803e+28]]\n",
      "[[ 3.38766656e+27 -5.05604984e+26 -9.02841569e+26]\n",
      " [-5.05604984e+26  4.55238671e+27  3.48542925e+26]\n",
      " [-9.02841569e+26  3.48542925e+26  4.71269376e+27]]\n",
      "[[ 5.60310609e+27 -7.54194236e+26 -1.50912287e+26]\n",
      " [-7.54194236e+26  3.61293430e+27 -7.25634953e+26]\n",
      " [-1.50912287e+26 -7.25634953e+26  5.15885940e+27]]\n",
      "[[ 3.86370229e+27 -1.66906940e+26  4.83180557e+25]\n",
      " [-1.66906940e+26  4.00918405e+27  4.79032564e+25]\n",
      " [ 4.83180557e+25  4.79032564e+25  3.52595483e+27]]\n",
      "[[ 4.62882597e+27 -3.86226817e+26  6.22432268e+25]\n",
      " [-3.86226817e+26  5.51101253e+27 -3.12285803e+26]\n",
      " [ 6.22432268e+25 -3.12285803e+26  6.26437440e+27]]\n",
      "[[4.97343419e+27 2.81951759e+25 2.29205083e+26]\n",
      " [2.81951759e+25 4.18117404e+27 2.82140723e+26]\n",
      " [2.29205083e+26 2.82140723e+26 4.44735914e+27]]\n",
      "[[ 8.86400191e+27  1.12090899e+27 -5.42382279e+26]\n",
      " [ 1.12090899e+27  9.68256132e+27 -5.52413225e+26]\n",
      " [-5.42382279e+26 -5.52413225e+26  1.04394861e+28]]\n",
      "[[ 5.38167446e+27 -1.54055771e+26  1.50757705e+26]\n",
      " [-1.54055771e+26  5.62840140e+27  2.73625556e+26]\n",
      " [ 1.50757705e+26  2.73625556e+26  3.22113761e+27]]\n"
     ]
    }
   ],
   "source": [
    "with open('locations_directions_box_c.pkl', 'rb') as f:\n",
    "    locations = pickle.load(f)\n",
    "vector_total = []\n",
    "value_total = []\n",
    "vector_no_filter_total  = []\n",
    "value_no_filter_total =[]\n",
    "for i,z in zip(I,locations):\n",
    "    vector,value,vector_total_,value_total_ = eigen_stuff(i)\n",
    "    cartesian = convertSphereToCart(z[0],z[1])\n",
    "    # angle.append(angle_between(cartesian,vector))\n",
    "    vector_total.append(vector)\n",
    "    value_total.append(value)\n",
    "    vector_no_filter_total.append(vector_total_)\n",
    "    value_no_filter_total.append(value_total_)"
   ]
  },
  {
   "cell_type": "code",
   "execution_count": 7,
   "metadata": {},
   "outputs": [
    {
     "data": {
      "text/plain": [
       "[[array([5.53223501e+28, 2.93748289e+28, 1.45926686e+28])],\n",
       " [array([7.73191186e+27, 9.29889199e+34, 9.29889032e+34])],\n",
       " [array([1.34701150e+29, 4.60568804e+28, 4.03051525e+28])],\n",
       " [array([2.87477676e+27, 5.49138955e+27, 4.28658072e+27])],\n",
       " [array([3.09647593e+27, 5.87223121e+27, 5.40619264e+27])],\n",
       " [array([4.11883064e+27, 3.77237153e+27, 3.50763900e+27])],\n",
       " [array([4.48206102e+27, 5.52341883e+27, 6.39873304e+27])],\n",
       " [array([5.07875253e+27, 4.53161770e+27, 3.99159714e+27])],\n",
       " [array([8.07229434e+27, 1.12192539e+28, 9.69450109e+27])],\n",
       " [array([3.17773010e+27, 5.33700768e+27, 5.71647568e+27])]]"
      ]
     },
     "execution_count": 7,
     "metadata": {},
     "output_type": "execute_result"
    }
   ],
   "source": [
    "value_no_filter_total"
   ]
  }
 ],
 "metadata": {
  "kernelspec": {
   "display_name": "base",
   "language": "python",
   "name": "python3"
  },
  "language_info": {
   "codemirror_mode": {
    "name": "ipython",
    "version": 3
   },
   "file_extension": ".py",
   "mimetype": "text/x-python",
   "name": "python",
   "nbconvert_exporter": "python",
   "pygments_lexer": "ipython3",
   "version": "3.8.3"
  },
  "orig_nbformat": 4
 },
 "nbformat": 4,
 "nbformat_minor": 2
}
